17x24

wylaczone
gory 
[8,7] [9,7] 
[8,8] [9,8] [10,8] [11,8] 
[7,9] [8,9] [9,9] [10,9] [11,9] [12,9] 
[6,10] [7,10] [8,10] [9,10] [10,10] [11,10]
[7,11] [8,11] [9,11] [10,11] [11,11]
[7,12] [8,12] [9,12] [10,12] [11,12] [12,12]
[7,13] [8,13] [9,13] [10,13] [11,13]
[8,14] [9,14] [10,14] [11,14]

woda
[14,10] [15,10] [16,10]
specjalne
[4,4] [12,3] [16,9] [14,17] [6,22]

15% zaludnienia, 
1 czlowiek 
60 organizmow
wilk	3
owca	10
antylopa	7
zolw	5
lis	4
	
wilcze jagody	2
mlecz	4
trawa	21
guarana	4

4% sianie